1	16:17,1,147,57;36:176,1,7,40,27,44,157,174
2	26:2,131,180,71,152;68:2,184,154,191;93:2,52,69,149,101,123,44,77
3	49:3,84,5,134,39,152,155,13,190,30;98:3,4,25,153;112:144,129,34,2,3,105,92;119:3,152,10;136:177,34,83,131,3,166,199,74,109,125,46,159;144:96,3,132,150,166,151,186,111
4	9:4,24,169,76,125,13,78,63;39:98,163,4,59,79;66:160,194,114,4,56,187,46;98:3,4,25,153
5	3:49,180,197,5,21,198,137,143;49:3,84,5,134,39,152,155,13,190,30;59:96,66,196,5,187,79;143:80,5,60
6	2:81,194,180,197,6,167,91,92,109,47;18:49,69,6,73,27,108,30;51:6,138,124,15;126:83,36,6,167,126,159;141:6
7	27:51,147,7,71,120,155,60,156,143;36:176,1,7,40,27,44,157,174;122:35,7,73,42,154,63;129:198,7,173,143;142:117,103,7;146:163,68,165,7,171,14
8	52:67,38,150,23,8,59,93;90:146,8,75,188
9	4:112,64,21,150,183,9,90,123,140,175;43:9,15;48:9;58:1,113,52,39,25,137,9,106,61,63;64:83,23,119,184,9;96:81,149,9;97:87,24,9,12,140
10	65:128,98,132,10,11,157;119:3,152,10;135:69,74,58,10
11	65:128,98,132,10,11,157;67:64,16,147,102,169,11,126
12	34:179,12,78;97:87,24,9,12,140;115:65,195,181,122,12;121:102,27,12
13	9:4,24,169,76,125,13,78,63;12:118,139,60,13;25:32,133,105,13;49:3,84,5,134,39,152,155,13,190,30;50:80,17,52,199,13;102:144,33,83,166,56,72,121,58,13;134:152,27,124,13,93,94
14	8:84,72,88,108,93,189,190,14;74:150,27,172,28,173,14;146:163,68,165,7,171,14
15	43:9,15;51:6,138,124,15
16	55:16,81,113,194,22,189;67:64,16,147,102,169,11,126;95:16,146,18,133,152,60;128:16,48,87,119,88,173
17	16:17,1,147,57;50:80,17,52,199,13;116:97,17,35,20,181,168,109;133:145,17,133,137,186
18	62:18,19,147,21,174;95:16,146,18,133,152,60;138:194,18,67,53
19	61:161,19,118,172;62:18,19,147,21,174;77:19,132,27,95;85:32,66,19,172
20	6:112,49,20,117,39,57;31:80,161,66,20;41:20;105:20,119,120;106:128,114,68,20,166,184,123;109:194,20,106,44;116:97,17,35,20,181,168,109;145:20,103,104,60,190
21	3:49,180,197,5,21,198,137,143;4:112,64,21,150,183,9,90,123,140,175;62:18,19,147,21,174
22	19:80,33,149,101,22,140,173,95;33:22,24,152,88,90,44,189;55:16,81,113,194,22,189;108:22,87,167,56;124:192,36,22,134,153,173,142
23	7:52,101,134,23,57,123;52:67,38,150,23,8,59,93;64:83,23,119,184,9;72:131,102,134,23,170,127
24	9:4,24,169,76,125,13,78,63;33:22,24,152,88,90,44,189;73:81,52,24,141;88:147,70,86,24,121,169,170,45;97:87,24,9,12,140
25	5:160,32,80,81,114,55,136,121,25,26,77;23:113,99,148,25,76,93;58:1,113,52,39,25,137,9,106,61,63;98:3,4,25,153;131:166,25,91,109,77
26	5:160,32,80,81,114,55,136,121,25,26,77
27	18:49,69,6,73,27,108,30;36:176,1,7,40,27,44,157,174;46:35,91,27,47;74:150,27,172,28,173,14;77:19,132,27,95;82:82,51,27,60,46,110;121:102,27,12;134:152,27,124,13,93,94
28	60:144,131,35,164,85,119,122,28,125,30,158;74:150,27,172,28,173,14;78:128,194,180,152,104,105,28
30	15:178,197,40,58,139,30;18:49,69,6,73,27,108,30;24:49,30,63;42:33,43,30,111;49:3,84,5,134,39,152,155,13,190,30;60:144,131,35,164,85,119,122,28,125,30,158
31	57:176,64,195,31;104:177,130,115,163,151,103,106,139,61,62,78,31;123:97,84,85,71,136,110,31,159
32	5:160,32,80,81,114,55,136,121,25,26,77;25:32,133,105,13;85:32,66,19,172
33	17:33,179,168,41;19:80,33,149,101,22,140,173,95;42:33,43,30,111;92:33,193,146,195,133;102:144,33,83,166,56,72,121,58,13
34	1:50,34,179,148,76,94,191,111;28:145,34,168,57,47;89:192,34,102,46;112:144,129,34,2,3,105,92;132:34,83,52,182,166,39,136,125,46;136:177,34,83,131,3,166,199,74,109,125,46,159
35	46:35,91,27,47;60:144,131,35,164,85,119,122,28,125,30,158;116:97,17,35,20,181,168,109;122:35,7,73,42,154,63;125:145,98,35,121,143;137:35,185,122,110;150:192,35,52,181,187,110
36	87:160,112,64,145,67,36,134,141;124:192,36,22,134,153,173,142;126:83,36,6,167,126,159
38	52:67,38,150,23,8,59,93;118:179,196,166,38,43,139,62
39	6:112,49,20,117,39,57;22:113,39,127;49:3,84,5,134,39,152,155,13,190,30;58:1,113,52,39,25,137,9,106,61,63;132:34,83,52,182,166,39,136,125,46;148:53,39
40	15:178,197,40,58,139,30;36:176,1,7,40,27,44,157,174
41	17:33,179,168,41
42	122:35,7,73,42,154,63
43	42:33,43,30,111;94:114,68,184,137,43,107,60;118:179,196,166,38,43,139,62
44	33:22,24,152,88,90,44,189;36:176,1,7,40,27,44,157,174;93:2,52,69,149,101,123,44,77;109:194,20,106,44
45	40:113,151,136,45;79:144,162,116,199,73,122,60,45,111;88:147,70,86,24,121,169,170,45
46	66:160,194,114,4,56,187,46;82:82,51,27,60,46,110;86:83,72,46,79;89:192,34,102,46;132:34,83,52,182,166,39,136,125,46;136:177,34,83,131,3,166,199,74,109,125,46,159;149:98,68,135,46,191
47	2:81,194,180,197,6,167,91,92,109,47;28:145,34,168,57,47;35:193,86,167,55,88,74,47;46:35,91,27,47
48	38:48,81,66,147,57,89,138,106,76,157;128:16,48,87,119,88,173
49	3:49,180,197,5,21,198,137,143;6:112,49,20,117,39,57;18:49,69,6,73,27,108,30;24:49,30,63
50	1:50,34,179,148,76,94,191,111
51	27:51,147,7,71,120,155,60,156,143;81:114,51,166,139,156,62;82:82,51,27,60,46,110
52	7:52,101,134,23,57,123;11:193,52,180,199,140,63;50:80,17,52,199,13;58:1,113,52,39,25,137,9,106,61,63;73:81,52,24,141;93:2,52,69,149,101,123,44,77;100:130,52,57,157;132:34,83,52,182,166,39,136,125,46;150:192,35,52,181,187,110
53	114:176,160,114,53,87,153,106;117:97,53;130:100,53,104,89,121;138:194,18,67,53;148:53,39
55	5:160,32,80,81,114,55,136,121,25,26,77;32:81,98,55,91;35:193,86,167,55,88,74,47;113:145,55,153
56	63:193,100,198,56,95;66:160,194,114,4,56,187,46;70:184,56,57,75,62;102:144,33,83,166,56,72,121,58,13;108:22,87,167,56
57	6:112,49,20,117,39,57;7:52,101,134,23,57,123;16:17,1,147,57;28:145,34,168,57,47;38:48,81,66,147,57,89,138,106,76,157;70:184,56,57,75,62;100:130,52,57,157
58	15:178,197,40,58,139,30;76:58,172;102:144,33,83,166,56,72,121,58,13;135:69,74,58,10
59	39:98,163,4,59,79;52:67,38,150,23,8,59,93;54:85,59,93,159
60	12:118,139,60,13;27:51,147,7,71,120,155,60,156,143;79:144,162,116,199,73,122,60,45,111;82:82,51,27,60,46,110;94:114,68,184,137,43,107,60;95:16,146,18,133,152,60;143:80,5,60;145:20,103,104,60,190
61	58:1,113,52,39,25,137,9,106,61,63;104:177,130,115,163,151,103,106,139,61,62,78,31
62	70:184,56,57,75,62;81:114,51,166,139,156,62;104:177,130,115,163,151,103,106,139,61,62,78,31;118:179,196,166,38,43,139,62
63	9:4,24,169,76,125,13,78,63;11:193,52,180,199,140,63;24:49,30,63;58:1,113,52,39,25,137,9,106,61,63;122:35,7,73,42,154,63
64	4:112,64,21,150,183,9,90,123,140,175;57:176,64,195,31;67:64,16,147,102,169,11,126;69:64,80,193,131,150,74,123;84:64,177,133,124,142;87:160,112,64,145,67,36,134,141;101:64,146,198,90,140
65	99:65,130,143;115:65,195,181,122,12
66	13:81,66,198,102,184,90;20:66;31:80,161,66,20;38:48,81,66,147,57,89,138,106,76,157;56:66,135,78,158;59:96,66,196,5,187,79;85:32,66,19,172
67	52:67,38,150,23,8,59,93;87:160,112,64,145,67,36,134,141;110:115,67,148,154,172;138:194,18,67,53
68	94:114,68,184,137,43,107,60;106:128,114,68,20,166,184,123;146:163,68,165,7,171,14;149:98,68,135,46,191
69	10:69;18:49,69,6,73,27,108,30;30:131,69,166,120,174,95;93:2,52,69,149,101,123,44,77;135:69,74,58,10
70	71:145,70,120,154;88:147,70,86,24,121,169,170,45
71	26:2,131,180,71,152;27:51,147,7,71,120,155,60,156,143;123:97,84,85,71,136,110,31,159
72	8:84,72,88,108,93,189,190,14;86:83,72,46,79;102:144,33,83,166,56,72,121,58,13
73	18:49,69,6,73,27,108,30;79:144,162,116,199,73,122,60,45,111;83:162,115,103,73,140,172;122:35,7,73,42,154,63
74	35:193,86,167,55,88,74,47;45:146,74,159,143;69:64,80,193,131,150,74,123;135:69,74,58,10;136:177,34,83,131,3,166,199,74,109,125,46,159
75	37:97,86,75;53:128,104,105,75;70:184,56,57,75,62;90:146,8,75,188
76	1:50,34,179,148,76,94,191,111;9:4,24,169,76,125,13,78,63;23:113,99,148,25,76,93;38:48,81,66,147,57,89,138,106,76,157
77	5:160,32,80,81,114,55,136,121,25,26,77;93:2,52,69,149,101,123,44,77;131:166,25,91,109,77
78	9:4,24,169,76,125,13,78,63;34:179,12,78;56:66,135,78,158;104:177,130,115,163,151,103,106,139,61,62,78,31
79	39:98,163,4,59,79;59:96,66,196,5,187,79;86:83,72,46,79
80	5:160,32,80,81,114,55,136,121,25,26,77;19:80,33,149,101,22,140,173,95;31:80,161,66,20;50:80,17,52,199,13;69:64,80,193,131,150,74,123;143:80,5,60
81	2:81,194,180,197,6,167,91,92,109,47;5:160,32,80,81,114,55,136,121,25,26,77;13:81,66,198,102,184,90;32:81,98,55,91;38:48,81,66,147,57,89,138,106,76,157;55:16,81,113,194,22,189;73:81,52,24,141;91:81,150;96:81,149,9;139:81,197
82	82:82,51,27,60,46,110
83	64:83,23,119,184,9;86:83,72,46,79;102:144,33,83,166,56,72,121,58,13;126:83,36,6,167,126,159;132:34,83,52,182,166,39,136,125,46;136:177,34,83,131,3,166,199,74,109,125,46,159
84	8:84,72,88,108,93,189,190,14;49:3,84,5,134,39,152,155,13,190,30;123:97,84,85,71,136,110,31,159
85	14:85;54:85,59,93,159;60:144,131,35,164,85,119,122,28,125,30,158;123:97,84,85,71,136,110,31,159
86	35:193,86,167,55,88,74,47;37:97,86,75;88:147,70,86,24,121,169,170,45
87	97:87,24,9,12,140;108:22,87,167,56;114:176,160,114,53,87,153,106;128:16,48,87,119,88,173
88	8:84,72,88,108,93,189,190,14;33:22,24,152,88,90,44,189;35:193,86,167,55,88,74,47;128:16,48,87,119,88,173
89	38:48,81,66,147,57,89,138,106,76,157;130:100,53,104,89,121
90	4:112,64,21,150,183,9,90,123,140,175;13:81,66,198,102,184,90;33:22,24,152,88,90,44,189;101:64,146,198,90,140;127:98,99,149,90,190
91	2:81,194,180,197,6,167,91,92,109,47;32:81,98,55,91;46:35,91,27,47;131:166,25,91,109,77
92	2:81,194,180,197,6,167,91,92,109,47;112:144,129,34,2,3,105,92
93	8:84,72,88,108,93,189,190,14;23:113,99,148,25,76,93;52:67,38,150,23,8,59,93;54:85,59,93,159;134:152,27,124,13,93,94
94	1:50,34,179,148,76,94,191,111;134:152,27,124,13,93,94
95	19:80,33,149,101,22,140,173,95;30:131,69,166,120,174,95;63:193,100,198,56,95;77:19,132,27,95
96	59:96,66,196,5,187,79;144:96,3,132,150,166,151,186,111
97	37:97,86,75;116:97,17,35,20,181,168,109;117:97,53;123:97,84,85,71,136,110,31,159
98	32:81,98,55,91;39:98,163,4,59,79;65:128,98,132,10,11,157;125:145,98,35,121,143;127:98,99,149,90,190;149:98,68,135,46,191
99	23:113,99,148,25,76,93;127:98,99,149,90,190
100	63:193,100,198,56,95;130:100,53,104,89,121
101	7:52,101,134,23,57,123;19:80,33,149,101,22,140,173,95;93:2,52,69,149,101,123,44,77
102	13:81,66,198,102,184,90;67:64,16,147,102,169,11,126;72:131,102,134,23,170,127;89:192,34,102,46;121:102,27,12
103	21:193,179,103,107,158;29:103,167,187;83:162,115,103,73,140,172;104:177,130,115,163,151,103,106,139,61,62,78,31;142:117,103,7;145:20,103,104,60,190
104	53:128,104,105,75;78:128,194,180,152,104,105,28;130:100,53,104,89,121;145:20,103,104,60,190
105	25:32,133,105,13;44:192,128,148,105;53:128,104,105,75;78:128,194,180,152,104,105,28;112:144,129,34,2,3,105,92
106	38:48,81,66,147,57,89,138,106,76,157;58:1,113,52,39,25,137,9,106,61,63;104:177,130,115,163,151,103,106,139,61,62,78,31;109:194,20,106,44;114:176,160,114,53,87,153,106
107	21:193,179,103,107,158;94:114,68,184,137,43,107,60
108	8:84,72,88,108,93,189,190,14;18:49,69,6,73,27,108,30
109	2:81,194,180,197,6,167,91,92,109,47;116:97,17,35,20,181,168,109;131:166,25,91,109,77;136:177,34,83,131,3,166,199,74,109,125,46,159
110	82:82,51,27,60,46,110;123:97,84,85,71,136,110,31,159;137:35,185,122,110;150:192,35,52,181,187,110
111	1:50,34,179,148,76,94,191,111;42:33,43,30,111;79:144,162,116,199,73,122,60,45,111;144:96,3,132,150,166,151,186,111
112	4:112,64,21,150,183,9,90,123,140,175;6:112,49,20,117,39,57;87:160,112,64,145,67,36,134,141
113	22:113,39,127;23:113,99,148,25,76,93;40:113,151,136,45;55:16,81,113,194,22,189;58:1,113,52,39,25,137,9,106,61,63;75:113,151
114	5:160,32,80,81,114,55,136,121,25,26,77;66:160,194,114,4,56,187,46;81:114,51,166,139,156,62;94:114,68,184,137,43,107,60;106:128,114,68,20,166,184,123;114:176,160,114,53,87,153,106
115	83:162,115,103,73,140,172;104:177,130,115,163,151,103,106,139,61,62,78,31;110:115,67,148,154,172
116	79:144,162,116,199,73,122,60,45,111
117	6:112,49,20,117,39,57;142:117,103,7
118	12:118,139,60,13;61:161,19,118,172
119	60:144,131,35,164,85,119,122,28,125,30,158;64:83,23,119,184,9;105:20,119,120;128:16,48,87,119,88,173;147:197,150,198,119,153,159
120	27:51,147,7,71,120,155,60,156,143;30:131,69,166,120,174,95;71:145,70,120,154;105:20,119,120
121	5:160,32,80,81,114,55,136,121,25,26,77;88:147,70,86,24,121,169,170,45;102:144,33,83,166,56,72,121,58,13;120:185,121,171;125:145,98,35,121,143;130:100,53,104,89,121
122	60:144,131,35,164,85,119,122,28,125,30,158;79:144,162,116,199,73,122,60,45,111;115:65,195,181,122,12;137:35,185,122,110
123	4:112,64,21,150,183,9,90,123,140,175;7:52,101,134,23,57,123;69:64,80,193,131,150,74,123;93:2,52,69,149,101,123,44,77;106:128,114,68,20,166,184,123
124	51:6,138,124,15;84:64,177,133,124,142;134:152,27,124,13,93,94
125	9:4,24,169,76,125,13,78,63;60:144,131,35,164,85,119,122,28,125,30,158;132:34,83,52,182,166,39,136,125,46;136:177,34,83,131,3,166,199,74,109,125,46,159
126	67:64,16,147,102,169,11,126;126:83,36,6,167,126,159
127	22:113,39,127;72:131,102,134,23,170,127
128	44:192,128,148,105;53:128,104,105,75;65:128,98,132,10,11,157;78:128,194,180,152,104,105,28;106:128,114,68,20,166,184,123
129	112:144,129,34,2,3,105,92
130	99:65,130,143;100:130,52,57,157;104:177,130,115,163,151,103,106,139,61,62,78,31
131	26:2,131,180,71,152;30:131,69,166,120,174,95;60:144,131,35,164,85,119,122,28,125,30,158;69:64,80,193,131,150,74,123;72:131,102,134,23,170,127;136:177,34,83,131,3,166,199,74,109,125,46,159
132	65:128,98,132,10,11,157;77:19,132,27,95;144:96,3,132,150,166,151,186,111
133	25:32,133,105,13;84:64,177,133,124,142;92:33,193,146,195,133;95:16,146,18,133,152,60;133:145,17,133,137,186
134	7:52,101,134,23,57,123;49:3,84,5,134,39,152,155,13,190,30;72:131,102,134,23,170,127;87:160,112,64,145,67,36,134,141;124:192,36,22,134,153,173,142
135	56:66,135,78,158;103:135;149:98,68,135,46,191
136	5:160,32,80,81,114,55,136,121,25,26,77;40:113,151,136,45;123:97,84,85,71,136,110,31,159;132:34,83,52,182,166,39,136,125,46
137	3:49,180,197,5,21,198,137,143;58:1,113,52,39,25,137,9,106,61,63;94:114,68,184,137,43,107,60;133:145,17,133,137,186
138	38:48,81,66,147,57,89,138,106,76,157;51:6,138,124,15
139	12:118,139,60,13;15:178,197,40,58,139,30;81:114,51,166,139,156,62;104:177,130,115,163,151,103,106,139,61,62,78,31;118:179,196,166,38,43,139,62
140	4:112,64,21,150,183,9,90,123,140,175;11:193,52,180,199,140,63;19:80,33,149,101,22,140,173,95;83:162,115,103,73,140,172;97:87,24,9,12,140;101:64,146,198,90,140
141	73:81,52,24,141;87:160,112,64,145,67,36,134,141
142	84:64,177,133,124,142;124:192,36,22,134,153,173,142
143	3:49,180,197,5,21,198,137,143;27:51,147,7,71,120,155,60,156,143;45:146,74,159,143;99:65,130,143;125:145,98,35,121,143;129:198,7,173,143
144	47:160,144;60:144,131,35,164,85,119,122,28,125,30,158;79:144,162,116,199,73,122,60,45,111;102:144,33,83,166,56,72,121,58,13;112:144,129,34,2,3,105,92
145	28:145,34,168,57,47;71:145,70,120,154;87:160,112,64,145,67,36,134,141;113:145,55,153;125:145,98,35,121,143;133:145,17,133,137,186
146	45:146,74,159,143;90:146,8,75,188;92:33,193,146,195,133;95:16,146,18,133,152,60;101:64,146,198,90,140
147	16:17,1,147,57;27:51,147,7,71,120,155,60,156,143;38:48,81,66,147,57,89,138,106,76,157;62:18,19,147,21,174;67:64,16,147,102,169,11,126;88:147,70,86,24,121,169,170,45
148	1:50,34,179,148,76,94,191,111;23:113,99,148,25,76,93;44:192,128,148,105;110:115,67,148,154,172
149	19:80,33,149,101,22,140,173,95;93:2,52,69,149,101,123,44,77;96:81,149,9;127:98,99,149,90,190
150	4:112,64,21,150,183,9,90,123,140,175;52:67,38,150,23,8,59,93;69:64,80,193,131,150,74,123;74:150,27,172,28,173,14;91:81,150;144:96,3,132,150,166,151,186,111;147:197,150,198,119,153,159
151	40:113,151,136,45;75:113,151;104:177,130,115,163,151,103,106,139,61,62,78,31;144:96,3,132,150,166,151,186,111
152	26:2,131,180,71,152;33:22,24,152,88,90,44,189;49:3,84,5,134,39,152,155,13,190,30;78:128,194,180,152,104,105,28;95:16,146,18,133,152,60;119:3,152,10;134:152,27,124,13,93,94
153	98:3,4,25,153;113:145,55,153;114:176,160,114,53,87,153,106;124:192,36,22,134,153,173,142;147:197,150,198,119,153,159
154	68:2,184,154,191;71:145,70,120,154;110:115,67,148,154,172;122:35,7,73,42,154,63
155	27:51,147,7,71,120,155,60,156,143;49:3,84,5,134,39,152,155,13,190,30
156	27:51,147,7,71,120,155,60,156,143;81:114,51,166,139,156,62
157	36:176,1,7,40,27,44,157,174;38:48,81,66,147,57,89,138,106,76,157;65:128,98,132,10,11,157;100:130,52,57,157
158	21:193,179,103,107,158;56:66,135,78,158;60:144,131,35,164,85,119,122,28,125,30,158
159	45:146,74,159,143;54:85,59,93,159;123:97,84,85,71,136,110,31,159;126:83,36,6,167,126,159;136:177,34,83,131,3,166,199,74,109,125,46,159;147:197,150,198,119,153,159
160	5:160,32,80,81,114,55,136,121,25,26,77;47:160,144;66:160,194,114,4,56,187,46;87:160,112,64,145,67,36,134,141;107:160,166,185;114:176,160,114,53,87,153,106
161	31:80,161,66,20;61:161,19,118,172;140:161
162	79:144,162,116,199,73,122,60,45,111;83:162,115,103,73,140,172;111:162,195
163	39:98,163,4,59,79;104:177,130,115,163,151,103,106,139,61,62,78,31;146:163,68,165,7,171,14
164	60:144,131,35,164,85,119,122,28,125,30,158
165	146:163,68,165,7,171,14
166	30:131,69,166,120,174,95;81:114,51,166,139,156,62;102:144,33,83,166,56,72,121,58,13;106:128,114,68,20,166,184,123;107:160,166,185;118:179,196,166,38,43,139,62;131:166,25,91,109,77;132:34,83,52,182,166,39,136,125,46;136:177,34,83,131,3,166,199,74,109,125,46,159;144:96,3,132,150,166,151,186,111
167	2:81,194,180,197,6,167,91,92,109,47;29:103,167,187;35:193,86,167,55,88,74,47;108:22,87,167,56;126:83,36,6,167,126,159
168	17:33,179,168,41;28:145,34,168,57,47;116:97,17,35,20,181,168,109
169	9:4,24,169,76,125,13,78,63;67:64,16,147,102,169,11,126;88:147,70,86,24,121,169,170,45
170	72:131,102,134,23,170,127;88:147,70,86,24,121,169,170,45
171	120:185,121,171;146:163,68,165,7,171,14
172	61:161,19,118,172;74:150,27,172,28,173,14;76:58,172;80:172;83:162,115,103,73,140,172;85:32,66,19,172;110:115,67,148,154,172
173	19:80,33,149,101,22,140,173,95;74:150,27,172,28,173,14;124:192,36,22,134,153,173,142;128:16,48,87,119,88,173;129:198,7,173,143
174	30:131,69,166,120,174,95;36:176,1,7,40,27,44,157,174;62:18,19,147,21,174
175	4:112,64,21,150,183,9,90,123,140,175
176	36:176,1,7,40,27,44,157,174;57:176,64,195,31;114:176,160,114,53,87,153,106
177	84:64,177,133,124,142;104:177,130,115,163,151,103,106,139,61,62,78,31;136:177,34,83,131,3,166,199,74,109,125,46,159
178	15:178,197,40,58,139,30
179	1:50,34,179,148,76,94,191,111;17:33,179,168,41;21:193,179,103,107,158;34:179,12,78;118:179,196,166,38,43,139,62
180	2:81,194,180,197,6,167,91,92,109,47;3:49,180,197,5,21,198,137,143;11:193,52,180,199,140,63;26:2,131,180,71,152;78:128,194,180,152,104,105,28
181	115:65,195,181,122,12;116:97,17,35,20,181,168,109;150:192,35,52,181,187,110
182	132:34,83,52,182,166,39,136,125,46
183	4:112,64,21,150,183,9,90,123,140,175
184	13:81,66,198,102,184,90;64:83,23,119,184,9;68:2,184,154,191;70:184,56,57,75,62;94:114,68,184,137,43,107,60;106:128,114,68,20,166,184,123
185	107:160,166,185;120:185,121,171;137:35,185,122,110
186	133:145,17,133,137,186;144:96,3,132,150,166,151,186,111
187	29:103,167,187;59:96,66,196,5,187,79;66:160,194,114,4,56,187,46;150:192,35,52,181,187,110
188	90:146,8,75,188
189	8:84,72,88,108,93,189,190,14;33:22,24,152,88,90,44,189;55:16,81,113,194,22,189
190	8:84,72,88,108,93,189,190,14;49:3,84,5,134,39,152,155,13,190,30;127:98,99,149,90,190;145:20,103,104,60,190
191	1:50,34,179,148,76,94,191,111;68:2,184,154,191;149:98,68,135,46,191
192	44:192,128,148,105;89:192,34,102,46;124:192,36,22,134,153,173,142;150:192,35,52,181,187,110
193	11:193,52,180,199,140,63;21:193,179,103,107,158;35:193,86,167,55,88,74,47;63:193,100,198,56,95;69:64,80,193,131,150,74,123;92:33,193,146,195,133
194	2:81,194,180,197,6,167,91,92,109,47;55:16,81,113,194,22,189;66:160,194,114,4,56,187,46;78:128,194,180,152,104,105,28;109:194,20,106,44;138:194,18,67,53
195	57:176,64,195,31;92:33,193,146,195,133;111:162,195;115:65,195,181,122,12
196	59:96,66,196,5,187,79;118:179,196,166,38,43,139,62
197	2:81,194,180,197,6,167,91,92,109,47;3:49,180,197,5,21,198,137,143;15:178,197,40,58,139,30;139:81,197;147:197,150,198,119,153,159
198	3:49,180,197,5,21,198,137,143;13:81,66,198,102,184,90;63:193,100,198,56,95;101:64,146,198,90,140;129:198,7,173,143;147:197,150,198,119,153,159
199	11:193,52,180,199,140,63;50:80,17,52,199,13;79:144,162,116,199,73,122,60,45,111;136:177,34,83,131,3,166,199,74,109,125,46,159